vehicles,0,755,325,775,352
person,1,767,278,802,382
person,1,535,282,565,372
person,1,472,288,496,382
person,1,22,283,131,534
person,1,503,287,534,371
person,1,489,292,509,373
person,1,907,352,925,398
person,1,933,360,948,399
person,1,964,383,980,411
person,1,1232,451,1280,545
traffic_light,3,296,15,359,108
traffic_light,3,329,44,374,126
traffic_sign,4,1181,350,1194,410
traffic_sign,4,1238,361,1271,390
traffic_light,3,1081,314,1103,365
traffic_light,3,1099,322,1118,374
traffic_light,3,301,262,319,310
traffic_sign,4,249,64,266,95
traffic_light,3,241,3,306,117
traffic_light,3,1024,297,1043,344
traffic_sign,4,1079,117,1107,153
traffic_light,3,1021,3,1114,177
person,1,962,297,1036,439
vehicles,0,720,336,747,354
person,1,869,281,917,415
person,1,860,291,887,404
