vehicles,0,135,392,197,445
person,1,772,295,808,390
person,1,415,337,436,375
person,1,1176,425,1189,457
person,1,1145,410,1173,467
traffic_light,3,852,137,892,223
traffic_sign,4,920,333,938,360
traffic_light,3,1153,346,1168,374
traffic_light,3,1001,314,1015,344
traffic_light,3,275,250,294,273
traffic_light,3,358,240,381,289
traffic_light,3,786,237,822,280
traffic_light,3,813,175,849,237
person,1,1100,394,1119,440
vehicles,0,626,336,656,357
person,1,387,294,406,335
traffic_light,3,250,201,277,274
traffic_light,3,217,272,237,321
vehicles,0,190,385,224,417
vehicles,0,23,423,108,500
vehicles,0,709,342,739,360
person,1,1031,384,1052,421
person,1,1010,372,1028,419
