vehicles,0,622,255,662,288
vehicles,0,705,256,762,293
vehicles,0,675,262,699,280
person,1,527,254,543,292
person,1,299,288,329,346
person,1,954,295,986,350
person,1,978,302,996,334
traffic_light,3,461,187,485,230
traffic_light,3,965,234,990,272
traffic_sign,4,463,158,488,185
traffic_sign,4,476,95,510,139
traffic_sign,4,1010,256,1028,300
traffic_light,3,487,200,506,223
traffic_sign,4,965,155,987,195
person,1,544,256,556,289
bicycle,2,972,317,1023,370
person,1,50,344,170,548
person,1,495,256,515,298
