vehicles,0,1074,407,1138,450
vehicles,0,1132,419,1195,477
vehicles,0,586,334,610,352
vehicles,0,554,336,585,353
vehicles,0,920,358,952,391
person,1,680,327,693,358
person,1,336,355,348,390
person,1,343,355,357,387
traffic_light,3,551,229,575,251
traffic_light,3,962,291,979,336
traffic_light,3,1222,357,1241,389
traffic_light,3,1217,199,1254,283
traffic_light,3,1225,313,1259,395
traffic_light,3,1189,394,1209,434
traffic_light,3,245,283,266,323
traffic_sign,4,647,158,668,192
person,1,829,336,840,373
vehicles,0,171,404,204,431
person,1,24,454,48,512
person,1,47,437,72,492
person,1,729,288,772,361
person,1,874,340,894,381
