vehicles,0,696,248,748,294
vehicles,0,754,271,780,290
vehicles,0,681,237,724,280
vehicles,0,796,275,843,306
bicycle,2,394,285,436,328
person,1,855,267,890,336
person,1,177,340,209,382
traffic_light,3,843,198,880,245
traffic_light,3,1232,414,1248,441
traffic_light,3,165,261,194,289
traffic_light,3,365,207,382,240
traffic_light,3,355,207,367,252
bicycle,2,307,300,375,366
person,1,404,257,428,308
bicycle,2,109,379,232,480
person,1,346,272,371,320
vehicles,0,42,436,72,462
vehicles,0,978,316,1008,354
