vehicles,0,608,240,694,308
vehicles,0,288,303,333,333
traffic_light,3,869,52,904,127
traffic_light,3,919,72,939,138
traffic_light,3,1151,298,1177,336
traffic_light,3,1078,300,1099,328
traffic_light,3,316,167,338,220
traffic_light,3,312,242,332,270
person,1,1079,347,1139,435
person,1,1060,365,1078,402
person,1,983,322,1007,362
person,1,48,362,109,535
traffic_light,3,225,165,257,227
person,1,153,240,263,458
person,1,502,214,545,303
person,1,354,259,384,323
person,1,417,220,463,315
